8055241528464720099314
2055241528464720097313
9015205364715620036054
1015205364715620036053
4055241528464720097312
8055241528464720099314
1015205364715620036053
8055241528464720097377
6055241528464720097212
6055241528464720097212
8055241528464720097377
8019999999202930005921
7055241528464720097387
4108624977712720007690
4108624977712720007690
8055241528464720097377
4055241528464720097218
2055241528464720097214
2055241528464720097214
6055241528464720097212
2055241528464720097313
8055241528464720097377
4055241528464720097218
8055241528464720097211
2055241528464720099251
4055241528464720097213
2055241528464720097214
2055241528464720097214
6055241528464720097212
4055241528464720098482
0055241528464720097215
6055048441790720036386
5015205364715620036051
5015205364715620036051
5015205364715620036051
8055241528464720097174
8055048441790720036385
4055048441790720036387
8019999999202930005921
0055241528464720096324
4055241528464720097114
4055048441790720036387
7055241528464720098471
4055241528464720098482
7055241528464720098471
2055241528464720099251
2055241528464720099251
7055241528464720098471
4055241528464720098482
3055048441790720036397
4055241528464720098482
8055241528464720097211
4055241528464720097218
3055048441790720036397
8055048441790720036385
6055048441790720036386
4055048441790720036387
3055048441790720036397
6055048441790720036386
4055048441790720036387
3055048441790720036397
8055048441790720036385
0055241528464720097215
7055048441790720036390
7055048441790720036390
0055048441790720036389
3055048441790720036392
7055048441790720036395
1055048441790720036393
9055048441790720036394
5055048441790720036391
5055048441790720036391
2055048441790720036388
2055048441790720036388
6055241528464720096581
7055048441790720036390
0055241528464720097215
4055241528464720098482
2055241528464720099251
4108624977712720007690
7055241528464720098471
7055241528464720098471
5015205364715620036051
1055048441790720036393
9055048441790720036394
7055048441790720036395
3055048441790720036392
0055048441790720036389
2055241528464720099251
7055048441790720036390
5015205364715620036051
6055241528464720096581
8055048441790720036385
2055048441790720036388
2055048441790720036388
5055048441790720036391
5055048441790720036391
7055048441790720036390
4055241528464720098482
7055048441790720036395
0055048441790720036389
9055048441790720036394
8055048441790720036385
2055241528464720097313
2055241528464720097313
4055241528464720098482
1055241528464720097380
9055241528464720097381
9015205364715620036054
9015205364715620036054
5055048441790720036391
2055048441790720036388
7055048441790720036390
2055048441790720036388
5055048441790720036391
2055048441790720036388
5055048441790720036391
6055241528464720097212
4055048441790720036400
6055241528464720096581
9055241528464720097381
1055241528464720097380
9055048441790720036394
0055048441790720036389
7055048441790720036395
2055048441790720036401
9055048441790720036399
9055241528464720097381
9055241528464720097381
1055241528464720097380
3015205364715620036052
6055241528464720096581
9055241528464720097381
1055241528464720097380
9055048441790720036399
0055048441790720036402
8055048441790720036403
2055048441790720036401
4055048441790720036400
0055048441790720036402
9055048441790720036399
8055048441790720036403
0055048441790720036402
2055048441790720036401
4055048441790720036400
8055048441790720036403
9055048441790720036399
4055048441790720036387
7055095394131720026806
7055095394131720026806
3015205364715620036052
2055150593100720001496
3015205364715620036052
7055095394131720026806
7055095394131720026806
1055095394131720026809
2055150593100720001496
2055150593100720001496
1055095394131720026809
2055150593100720001496
0055150593100720001497
4055150593100720001495
7055095394131720026806
5055095394131720026807
4055150593100720001495
3055095394131720026808
1055095394131720026809
4055150593100720001495
0055095394131720026796
4055241528464720099250
4055241528464720099250
1055095394131720026809
7055186697550720032294
5055095394131720026807
0055095394131720026796
2055186697550720032282
2055186697550720032282
3055095394131720026808
2055186697550720032282
0055186697550720032283
1055241528464720099266
0055186697550720032283
1055241528464720099266
0055186697550720032283
4055186697550720032281
1055241528464720099266
4055186697550720032281
0055186697550720032283
2055186697550720032282
6055186697550720032280
0055241528464720098507
0055241528464720098507
5055095394131720026807
0055150593100720001497
5055095394131720026802
0055241528464720098507
6055186697550720032280
9055095394131720026800
5055186697550720032290
0015037322651D02864458
1055186697550720032297
5055186697550720032295
0055186697550720032288
3055186697550720032296
4055186697550720032286
6055186697550720032285
3055186697550720032291
8055186697550720032284
2055186697550720032287
1055186697550720032292
4055186697550720032281
0055186697550720032283
2055186697550720032282
4055241528464720098505
2055150593100720001496
1055186697550720032292
5055186697550720032295
8055186697550720032289
4055186697550720032286
1055186697550720032297
3055186697550720032291
6055186697550720032285
2055186697550720032287
8055150593100720001498
0055186697550720032288
5055186697550720032290
1055150593100720001500
8055186697550720032289
3055186697550720032296
8055186697550720032284
2055186697550720032282
0055186697550720032283
8055186697550720032284
3055186697550720032296
8055150593100720001498
0055186697550720032288
5055186697550720032295
3055186697550720032291
5055186697550720032290
2055186697550720032287
1055186697550720032297
1055186697550720032292
8055186697550720032289
4055186697550720032281
6055186697550720032285
4055186697550720032286
1055150593100720001500
4055186697550720032286
6055186697550720032285
6055186697550720032280
1055241528464720099266
0055241528464720098507
1055150593100720001500
4055186697550720032286
1055186697550720032292
1055241528464720099266
8055150593100720001498
1055150593100720001500
6055150593100720001499
5055186697550720032290
3055186697550720032291
5055186697550720032295
0055186697550720032288
3055186697550720032296
8055186697550720032284
1055186697550720032297
2055186697550720032287
8055150593100720001498
0055186697550720032283
6055186697550720032285
0055186697550720032283
8055186697550720032289
8055186697550720032289
4055186697550720032281
2055186697550720032282
4055186697550720032281
6055186697550720032280
7055186697550720032294
6055150593100720001499
7055186697550720032294
6055150593100720001499
1055150593100720001500
0055241528464720098507
0055241528464720098507
1055150593100720001500
0055186697550720032288
1055186697550720032297
1055186697550720032292
8055150593100720001498
8055186697550720032284
5055186697550720032290
3055186697550720032291
5055186697550720032295
4055241528464720098505
0015037322651D02864458
6055150593100720001499
1055186697550720032297
1055186697550720032292
8055186697550720032284
8055150593100720001498